pool	varID	geneID	chrom	pos	strand	ref	alt	haplo	cDNA1_ref	cDNA2_ref	cDNA3_ref	plasmid1_ref	plasmid2_ref	plasmid3_ref	cDNA1_alt	cDNA2_alt	cDNA3_alt	plasmid1_alt	plasmid2_alt	plasmid3_alt	baseMean_expr	log2FoldChange_expr	lfcSE_expr	stat_expr	pvalue_expr	padj_expr	baseMean_allele	log2FoldChange_allele	lfcSE_allele	stat_allele	pvalue_allele	padj_allele	logp_allele	logpadj_allele	direction	eQTL_beta
1KGTest	var15118	ENSG00000104427	chr8	79555186	+	T	C	Base	2825	1660	2822	646	1147	955	1271	1347	1804	644	1154	1086	1292.903995	-0.175121038	0.142267706	-1.230926134	0.218350492	0.386728586	1292.903995	-0.755661087	0.284527393	-2.655846526	0.007910961	0.071713201	2.101770763	1.144400891	+	1.08601
1KGTest	var15120	ENSG00000104427	chr8	79555474	+	C	G	Base	1611	1491	1416	504	1229	418	1143	942	1512	363	350	671	856.6599413	0.038128721	0.260814775	0.146190802	0.883770767	0.934747177	856.6599413	0.18400845	0.521627326	0.352758456	0.724269531	0.88239821	0.140099785	0.054335382	+	1.08247
1KGTest	var15121	ENSG00000104427	chr8	79556148	+	T	C	Base	571	405	803	74	97	156	1310	789	1098	330	705	441	472.5849659	0.577022923	0.249961238	2.30844961	0.020974142	0.069028766	472.5849659	-1.290831634	0.499897045	-2.582194966	0.009817411	0.081625444	2.008003045	1.088174441	+	1.08247
1KGTest	var15122	ENSG00000104427	chr8	79556891	+	A	G	Base	1511	1426	2024	953	796	1103	1955	1773	2624	771	812	538	1204.570272	-0.03920775	0.155504425	-0.252132695	0.800938499	0.885958209	1204.570272	0.796672434	0.311008272	2.561579565	0.010419737	0.084605272	1.982143237	1.072602575	+	1.08247
1KGTest	var15123	ENSG00000104427	chr8	79557227	+	C	A	Base	1439	959	1443	556	688	395	1005	645	1038	296	331	205	641.528577	0.252384428	0.162525778	1.552888598	0.120449751	0.255676146	641.528577	0.457056271	0.32502933	1.406200083	0.15966472	0.420193905	0.796791037	0.376550251	+	1.08247
1KGTest	var15124	ENSG00000104427	chr8	79557844	+	A	G	Base	310	219	366	136	406	220	3426	2483	3738	1692	2113	1845	1316.63838	-0.687124382	0.163431089	-4.204367642	2.62E-05	0.000255469	1316.63838	0.43149658	0.326851419	1.320161255	0.186781185	0.455516901	0.728666874	0.341495505	+	1.08247
1KGTest	var15125	ENSG00000104427	chr8	79558153	+	AGCCACT	A	Base	1492	1467	1770	1001	740	808	1308	1356	1948	355	890	421	1007.954399	-0.02410483	0.206937074	-0.116483864	0.907269073	0.947946503	1007.954399	0.678841951	0.413872398	1.640220402	0.100959349	0.325415415	0.995853459	0.487561879	+	1.08247
1KGTest	var15126	ENSG00000104427	chr8	79558441	+	T	C	Base	2490	1798	2398	685	768	1550	3618	3021	4190	1000	1329	868	1673.247165	0.250642284	0.180699496	1.387066866	0.165421374	0.319172589	1673.247165	0.53103058	0.36139785	1.469379466	0.141729894	0.393891339	0.848538539	0.404623568	+	1.08247
1KGTest	var15127	ENSG00000104427	chr8	79558605	+	G	A	Base	2716	1583	2859	1441	1183	998	1333	1106	1335	555	768	511	1240.823178	-0.209571425	0.149239351	-1.404263846	0.160240296	0.311857063	1240.823178	0.113314143	0.29847607	0.379642306	0.704210952	0.873133472	0.152297225	0.058919362	+	1.08247
1KGTest	var15128	ENSG00000104427	chr8	79559230	+	C	T	Base	639	249	564	150	216	262	3291	2757	3669	775	1253	663	977.8856329	0.299472443	0.203644075	1.470567915	0.141408006	0.286457501	977.8856329	0.764039737	0.407281765	1.875948798	0.060662311	0.243082208	1.217081049	0.614246827	+	1.08575
1KGTest	var15129	ENSG00000104427	chr8	79559251	+	G	T	Base	925	467	647	378	170	144	686	649	777	314	535	275	439.001622	0.051174027	0.289545264	0.1767393	0.85971317	0.922072039	439.001622	-0.664665242	0.579080267	-1.147794666	0.25105334	0.529078923	0.600233997	0.27647954	+	1.07128
1KGTest	var15130	ENSG00000104427	chr8	79559622	+	C	T	Base	897	605	779	299	513	432	863	1054	1234	394	728	382	617.6985932	-0.202164442	0.203293837	-0.994444516	0.320006505	0.500191455	617.6985932	0.235134716	0.406579459	0.578324141	0.563045299	0.790134863	0.249456663	0.102298776	+	1.08575
1KGTest	var15131	ENSG00000104427	chr8	79564983	+	T	TG	Base	2634	1804	2706	538	1565	1879	1464	1533	2014	903	1003	648	1431.034881	-0.285698975	0.221159687	-1.291822117	0.196418754	0.359914343	1431.034881	-0.007288077	0.442318025	-0.016477006	0.986853846	0.9941407	0.005747162	0.002552146	+	1.08575
1KGTest	var15132	ENSG00000104427	chr8	79568082	+	G	A	Base	1729	1691	2298	1068	583	610	941	484	940	475	53	423	829.1909098	0.244181375	0.29070306	0.839968367	0.400926123	0.580781543	829.1909098	0.330946506	0.581385459	0.569237674	0.569194857	0.794451205	0.244739032	0.099932772	+	1.07715
1KGTest	var15133	ENSG00000104427	chr8	79572222	+	C	A	Base	1883	903	1775	630	956	678	277	339	265	131	36	140	598.8847661	0.060618603	0.316445452	0.191560987	0.848086105	0.915321219	598.8847661	0.716940528	0.632888141	1.132807651	0.257295038	0.53568535	0.589568589	0.27109023	+	1.08575
1KGTest	var15134	ENSG00000104427	chr8	79572595	+	C	G	Base	1654	1581	1772	380	241	436	575	428	676	112	394	172	567.0676292	0.579379439	0.292454657	1.981091515	0.047581012	0.128959072	567.0676292	-0.77138801	0.584904249	-1.318827844	0.187226673	0.456140847	0.727632279	0.340901036	+	1.08575
1KGTest	var15135	ENSG00000104427	chr8	79572713	+	C	A	Base	426	215	202	5	1	56	168	147	403	163	87	3	119.7871042	1.588352846	0.896994966	1.770748897	0.076602467	0.184229809	119.7871042	-4.071167245	1.793797021	-2.269580782	0.023233031	0.138310623	1.633894132	0.859144462	+	1.08575
1KGTest	var15136	ENSG00000104427	chr8	79575804	+	T	C	Base	2173	1976	2414	861	983	874	1563	1431	2252	507	753	658	1187.472613	0.143867257	0.131879649	1.090898093	0.275317726	0.452907602	1187.472613	0.179222736	0.263756716	0.679500182	0.496820992	0.747332737	0.303800062	0.126485993	+	1.08575
1KGTest	var15137	ENSG00000104427	chr8	79577726	+	A	C	Base	2049	1761	2640	1465	1937	1417	2399	1208	1830	328	956	419	1411.122187	-0.124294932	0.169858903	-0.731754003	0.464318728	0.63872076	1411.122187	1.366886623	0.33971268	4.02E+00	5.73E-05	0.002498524	4.241831427	2.602316479	+	1.08575
1KGTest	var15138	ENSG00000104427	chr8	79581736	+	C	T	Base	2737	1496	2440	888	1557	1145	2136	1618	2583	1027	1137	1501	1557.158313	-0.384934428	0.142015712	-2.71050593	0.006718065	0.027981546	1557.158313	-0.095984646	0.284028724	-0.337939928	0.735408458	0.888142169	0.13347138	0.051517509	+	1.07658
1KGTest	var15139	ENSG00000104427	chr8	79585248	+	G	T	Base	302	547	561	117	262	76	629	338	686	98	60	217	261.668845	0.67653701	0.455563522	1.485055272	0.137529183	0.280603467	261.668845	0.511580845	0.911122063	0.561484422	0.574467347	0.797176284	0.240734652	0.09844563	+	1.07658
1KGTest	var15140	ENSG00000104427	chr8	79587855	+	A	G	Base	1897	1775	2011	590	816	854	1912	1904	2554	1523	1393	1104	1403.3904	-0.219482057	0.147306084	-1.48997279	0.136231391	0.278652627	1403.3904	-0.675055386	0.294611867	-2.291338064	0.021943869	0.133055498	1.658686804	0.875967175	+	1.08247
1KGTest	var15141	ENSG00000104427	chr8	79590012	+	A	G	Base	1966	1538	1751	864	1377	881	1257	669	1082	335	272	461	946.5270078	-0.107234042	0.195687056	-0.547987405	0.583700551	0.735851812	946.5270078	0.703839694	0.391372742	1.798387106	0.072115685	0.268363195	1.141970269	0.571277046	+	1.08247
1KGTest	var15142	ENSG00000104427	chr8	79591017	+	G	C	Base	2085	1521	1950	338	577	474	1442	986	1610	446	718	563	878.2250769	0.41140428	0.142340353	2.890285659	0.003848919	0.017840047	878.2250769	-0.790437591	0.284665166	-2.776727491	0.005490919	0.056945803	2.260354927	1.244538279	+	1.08247
1KGTest	var15143	ENSG00000104427	chr8	79592426	+	T	C	Base	720	405	787	196	193	366	1089	803	930	476	559	264	496.5303415	-0.006819517	0.283902765	-0.024020608	0.980836171	0.988945439	496.5303415	-0.182046463	0.567804423	-0.320614732	0.748502372	0.89421432	0.125806819	0.04855838	+	1.08247
1KGTest	var15144	ENSG00000104427	chr8	79593736	+	T	G	Base	44	89	73	43	46	177	437	368	505	113	99	187	161.5169914	-0.385609408	0.450190515	-0.856547162	0.391695197	0.571860749	161.5169914	1.867650053	0.900330028	2.074406045	0.038041616	0.184948425	1.419741039	0.732949362	+	1.08247
1KGTest	var15146	ENSG00000104427	chr8	79594136	+	CT	C	Base	563	716	458	4	97	267	408	343	414	72	257	219	267.1678821	0.952253604	0.458279939	2.077886292	0.037719833	0.107959936	267.1678821	-2.086465827	0.915953459	-2.277916861	0.022731532	0.136282028	1.643371303	0.865561412	+	1.084
1KGTest	var15147	ENSG00000104427	chr8	79594966	+	A	C	Base	744	612	1200	481	452	137	92	194	145	1	0	61	296.6261368	1.316597403	1.054716851	1.24829465	0.211923173	0.379284571	296.6261368	5.115413114	2.109337389	2.425127976	0.015302991	0.106638789	1.815223673	0.972084795	+	1.08247
1KGTest	var15148	ENSG00000104427	chr8	79595404	+	A	G	Base	1769	1411	1692	970	1216	1140	1765	1810	2156	1339	1337	1628	1493.644874	-0.729878761	0.119604844	-6.102418047	1.04E-09	2.19E-08	1493.644874	-0.129090412	0.239208935	-0.539655476	0.589434651	0.805675074	0.229564337	0.093840072	+	1.08247
1KGTest	var15149	ENSG00000104427	chr8	79597487	+	GC	G	Base	1137	900	1220	433	834	639	990	952	1137	521	330	732	761.1148219	-0.336738561	0.2235096	-1.506595514	0.131914368	0.272761479	761.1148219	0.21372033	0.447017557	0.478102764	0.632577065	0.831038487	0.198886558	0.080378863	+	1.08247
1KGTest	var15150	ENSG00000104427	chr8	79598453	+	T	A	Base	2085	1408	2041	313	573	671	850	479	758	356	317	243	700.466406	0.271422803	0.220273156	1.232210081	0.217870619	0.386125132	700.466406	-0.702517827	0.440544057	-1.594659641	0.110788368	0.343402311	0.955505836	0.464196786	+	1.08247
1KGTest	var15153	ENSG00000104427	chr8	79601420	+	T	C	Base	2854	2176	3139	662	614	1157	6802	5049	7216	1424	2223	1756	2367.640534	0.57398384	0.141457574	4.057639496	4.96E-05	0.000446037	2367.640534	0.045853294	0.282913359	0.162075392	0.871246484	0.951624148	0.059858961	0.021534546	+	1.08247
1KGTest	var15154	ENSG00000104427	chr8	79603747	+	T	C	Base	1026	625	976	223	169	444	1060	1042	1501	215	653	508	592.2127643	0.35678841	0.267319123	1.334690937	0.181977521	0.341216236	592.2127643	-0.203123105	0.534625558	-0.379935269	0.703993466	0.873041141	0.152431372	0.05896529	+	1.08247
1KGTest	var15155	ENSG00000104427	chr8	79603824	+	C	G	Base	736	472	867	342	413	283	643	289	597	158	264	119	377.3643563	0.018519088	0.243400887	0.076084719	0.939351698	0.966358574	377.3643563	0.528633219	0.486779638	1.08598055	0.277487598	0.556340837	0.556756423	0.25465906	+	1.08247
1KGTest	var15156	ENSG00000104427	chr8	79603924	+	T	C	Base	455	348	425	287	203	150	403	174	412	256	144	67	252.5134116	-0.129643145	0.329213175	-0.393796954	0.693730954	0.815658913	252.5134116	0.204546967	0.658379777	0.310682336	0.756042127	0.897861995	0.121454005	0.046790411	+	1.08247
1KGTest	var15157	ENSG00000104427	chr8	79607893	+	A	C	Base	366	346	352	197	154	80	463	447	736	16	43	134	219.3732165	1.020635307	0.500070847	2.04098142	0.041252674	0.115801905	219.3732165	2.184529856	1.000125582	2.184255554	0.028943475	0.157549324	1.538449331	0.802583456	+	1.07385
1KGTest	var15158	ENSG00000104427	chr8	79610710	+	A	G	Base	1142	1489	1967	940	1163	1120	725	564	946	345	612	552	939.2787444	-0.678568142	0.160977175	-4.215306568	2.49E-05	0.00024394	939.2787444	0.099322298	0.321949287	0.308502928	0.757699673	0.898523023	0.1205029	0.046470791	+	1.08247
1KGTest	var15159	ENSG00000104427	chr8	79612473	+	T	C	Base	2621	2162	3101	999	1280	966	4005	2502	4544	1423	2302	1467	1999.418338	-0.03176119	0.106764294	-0.297488874	0.766093301	0.864808778	1999.418338	-0.187831384	0.213524733	-0.879670385	0.379037897	0.654426566	0.421317366	0.184139079	+	1.08247
1KGTest	var15160	ENSG00000104427	chr8	79614438	+	G	A	Base	1690	1463	1996	711	1005	608	3468	1662	3216	1185	1622	1264	1469.627443	-0.131041144	0.139484722	-0.939465931	0.347491576	0.528641673	1469.627443	-0.181361089	0.278966195	-0.650118517	0.515615669	0.760455252	0.287673894	0.118926336	+	1.08247
1KGTest	var15161	ENSG00000104427	chr8	79615251	+	C	A	Base	2138	1968	2814	834	1248	926	785	362	818	571	433	547	1023.857432	-0.478656081	0.185048319	-2.586654572	0.009691269	0.037472398	1023.857432	-0.936211946	0.370094772	-2.529654612	0.011417486	0.08960774	1.942429521	1.047654476	+	1.08247
1KGTest	var15162	ENSG00000104427	chr8	79620354	+	G	A	Base	3136	2480	3194	1268	1053	951	902	444	732	508	658	425	1172.547109	-0.321956662	0.150658252	-2.136999851	0.032598004	0.097012117	1172.547109	-1.072289571	0.301312863	-3.558724842	0.00037266	0.009415827	3.428687578	2.026141525	+	1.08247
1KGTest	var15164	ENSG00000104427	chr8	79621192	+	C	T	Base	943	549	1051	437	781	663	1541	1789	1966	1104	1205	941	1034.563913	-0.644075721	0.180962188	-3.55917293	0.000372025	0.002544678	1034.563913	0.289752457	0.361922756	0.800591982	0.423367894	0.691387633	0.37328208	0.160278393	+	1.08247
1KGTest	var15165	ENSG00000104427	chr8	79621709	+	G	A	Base	5499	3848	5596	1972	2750	2163	6058	4165	6289	1422	2906	2301	3272.617369	0.014921641	0.101394552	0.147164128	0.883002474	0.934500301	3272.617369	0.247376662	0.202786569	1.219886817	0.222507784	0.498157602	0.652654791	0.302633238	+	1.08247
1KGTest	var15166	ENSG00000104427	chr8	79623617	+	A	G	Base	463	445	528	46	199	200	65	18	72	81	86	0	158.261903	-0.397536279	0.777401037	-0.511365769	0.60909496	0.755354964	158.261903	-1.518113372	1.554785656	-0.976413286	0.3288597	0.608365132	0.482989343	0.215835685	+	1.08575
1KGTest	var15167	ENSG00000104427	chr8	79624605	+	T	C	Base	68	150	43	4	39	98	1036	736	958	308	267	478	302.8064313	0.102987488	0.463769991	0.222065872	0.824262604	0.900734987	302.8064313	0.075532922	0.927463742	0.081440296	0.935091804	0.975152192	0.02914575	0.010927599	+	1.08247
1KGTest	var15168	ENSG00000104427	chr8	79629039	+	A	G	Base	4474	4434	5819	1344	1472	1113	4093	2812	3757	731	1324	452	2118.831079	0.830018209	0.146529432	5.6645153	1.47E-08	2.71E-07	2118.831079	0.308666374	0.293052904	1.053278675	0.29221329	0.572276806	0.534300037	0.242393855	+	1.08247
1KGTest	var15169	ENSG00000104427	chr8	79630608	+	A	C	Base	509	468	702	280	531	41	727	400	685	433	656	406	462.1355707	-0.42819531	0.346176627	-1.23692727	0.216114085	0.384373527	462.1355707	-1.231087047	0.692330946	-1.778177119	0.07537477	0.275783831	1.122774002	0.559431199	+	1.08247
1KGTest	var15171	ENSG00000104427	chr8	79632010	+	G	A	Base	396	209	514	187	131	226	613	347	454	47	132	277	253.4710216	0.173673783	0.38762719	0.448043346	0.654121914	0.787559026	253.4710216	0.925543563	0.775229885	1.193895618	0.232518802	0.509581307	0.633541924	0.292786511	+	1.07658
1KGTest	var15172	ENSG00000104427	chr8	79633149	+	A	G	Base	226	178	556	363	266	315	653	618	1050	417	728	251	451.7425488	-0.907983344	0.27955501	-3.247959479	0.001162358	0.00668252	451.7425488	0.983079796	0.559100892	1.75832271	0.078692616	0.282172934	1.104066018	0.549484645	+	1.07658
1KGTest	var15173	ENSG00000104427	chr8	79634007	+	G	C	Base	1398	821	1331	430	229	425	1463	1211	1372	618	679	423	741.68699	0.250867395	0.217161401	1.15521172	0.248003737	0.421773558	741.68699	-0.458439416	0.434321381	-1.055530389	0.291182819	0.570918095	0.535834254	0.243426192	+	1.06479
1KGTest	var15174	ENSG00000104427	chr8	79635969	+	C	A	Base	599	450	587	52	8	45	611	674	717	224	191	219	283.3602098	1.675373502	0.368026166	4.5523217	5.31E-06	6.07E-05	283.3602098	-2.559732884	0.735932103	-3.478218809	0.000504758	0.011664017	3.296917037	1.933151845	+	1.07658
1KGTest	var15175	ENSG00000104427	chr8	79636518	+	T	C	Base	785	567	732	328	512	127	1421	844	1453	369	488	634	597.8842761	0.004148113	0.286079514	0.014499859	0.988431192	0.993329208	597.8842761	0.047487579	0.572155948	0.082997616	0.933853436	0.974697348	0.029721279	0.011130215	+	1.07658
1KGTest	var15176	ENSG00000104427	chr8	79638138	+	C	A	Base	161	247	183	99	3	43	638	393	583	93	207	284	204.7382048	0.644704582	0.586901706	1.098488172	0.27199138	0.44925598	204.7382048	-1.273533113	1.173752267	-1.085010141	0.277917164	0.556819461	0.556084631	0.254285594	-	-1.07658
1KGTest	var15177	ENSG00000104427	chr8	79641769	+	G	A	Base	2575	1618	2698	574	791	633	909	939	1071	321	568	176	885.1945965	0.453600787	0.200908615	2.25774682	0.023961448	0.076725905	885.1945965	-0.156937683	0.401807149	-0.390579618	0.696107994	0.869230789	0.157323379	0.060864899	-	-1.07658
1KGTest	var15178	ENSG00000104427	chr8	79644437	+	A	G	Base	1011	439	990	172	241	249	837	660	1013	237	712	213	471.6475708	0.315882653	0.27299932	1.157082199	0.247238779	0.420824337	471.6475708	-0.478598329	0.545982125	-0.876582414	0.380713495	0.656060145	0.419401729	0.183056344	-	-1.07658
1KGTest	var15180	ENSG00000104427	chr8	79651942	+	G	A	Base	171	131	248	170	85	268	266	371	522	219	122	93	208.8825961	-0.458138606	0.408471443	-1.121592742	0.262035639	0.437591058	208.8825961	1.272665212	0.81692659	1.557869737	0.11926413	0.35786274	0.923490154	0.446283517	-	-1.07658
1KGTest	var15181	ENSG00000104427	chr8	79656989	+	T	G	Base	2007	1734	2017	1089	1220	790	1787	1619	1701	859	903	1471	1352.350316	-0.434968502	0.173901291	-2.501237907	0.012376001	0.045560704	1352.350316	-0.197611311	0.347802374	-0.568171255	0.569918688	0.794839305	0.244187102	0.099720665	-	-1.07658
1KGTest	var15182	ENSG00000104427	chr8	79657263	+	T	C	Base	3224	2592	3188	908	943	922	5130	3452	4635	1757	1904	2266	2225.284647	0.20598189	0.09891808	2.082348255	0.037310671	0.107080048	2225.284647	-0.538924414	0.197835346	-2.724105806	0.006447585	0.063057722	2.190602943	1.200261724	-	-1.07658
1KGTest	var15183	ENSG00000104427	chr8	79657666	+	T	C	Base	5453	4472	6296	2167	2719	3132	3537	2789	3945	1281	1798	1874	2977.494383	-0.174119663	0.08244411	-2.111972141	0.034688839	0.101590169	2977.494383	0.046115567	0.164884966	0.279683273	0.779720512	0.910428489	0.108061041	0.040754161	-	-1.07658