PU1_peak	PU.1 bQTL	caQTL	H3K27ac hQTL	H3K4me1 hQTL
PU1_547	1	1	1	1
PU1_740	1	0	0	0
PU1_1495	1	0	0	0
PU1_7958	1	0	1	0
PU1_9854	1	0	0	0
PU1_10160	1	1	1	1
PU1_11707	1	1	1	1
PU1_12096	1	1	1	1
PU1_15596	1	0	0	1
PU1_19068	1	1	1	0
PU1_19400	1	1	1	1
PU1_21300	1	0	0	0
PU1_21900	1	0	0	0
PU1_22046	1	0	1	0
PU1_26093	1	0	0	0
PU1_27777	1	1	1	1
PU1_29300	1	1	1	1
PU1_30991	1	1	1	0
PU1_31371	1	0	0	1
PU1_34572	1	0	0	0
PU1_35737	1	0	0	1
PU1_36187	1	0	0	0
PU1_36328	1	0	0	0
PU1_37938	1	0	0	0
PU1_38240	1	1	1	1
PU1_38773	1	1	0	1
PU1_40113	1	1	1	1
PU1_40496	1	0	0	0
PU1_40678	1	1	1	1
PU1_45890	1	1	1	1
PU1_47892	1	0	1	1
PU1_51842	1	1	0	0
PU1_53081	1	0	1	1
PU1_54305	1	1	1	1
PU1_54312	1	0	0	0
PU1_54925	1	0	1	1
PU1_56004	1	0	0	1
PU1_64115	1	1	1	1
PU1_64488	1	0	0	1
PU1_65692	1	1	0	0
PU1_66245	1	0	0	0
PU1_66845	1	0	0	1
PU1_67321	1	1	1	1
PU1_67420	1	0	1	1
PU1_68631	1	0	0	1
PU1_70655	1	0	0	0
PU1_71414	1	1	1	1
PU1_71930	1	1	1	1
PU1_72860	1	1	1	1
PU1_74804	1	1	0	0
PU1_76253	1	0	0	0
