cpm	genotype
17.64537025	0
19.32471393	0
20.73071883	0
18.3787579	0
19.89068937	1
20.57749276	0
15.96655466	0
23.6126115	1
18.18055078	0
19.43372466	0
14.42214443	0
18.79450529	1
14.08041491	0
17.39044701	1
20.46168758	0
22.65113302	0
21.00217843	1
21.223908	1
18.17406168	0
16.37446052	0
16.39570631	0
22.38350738	1
15.2437855	1
20.78424347	1
21.97713393	1
14.53132397	1
20.79775685	0
17.16463679	1
19.72315534	0
17.20747004	0
18.01006872	1
17.78138486	0
20.8465017	1
20.9851418	1
13.89729896	0
16.23891455	0
18.37678077	0
18.03793079	1
20.56637899	0
17.04322363	0
13.96079445	0
19.37563254	0
19.00324385	2
15.52228724	0
19.12936886	1
19.05194543	1
12.11967645	0
17.02603604	0
16.77913774	0
15.72864339	0
15.1959671	0
18.25156391	0
18.80680846	0
18.96300515	1
21.37779363	1
17.9942073	0
18.2555308	0
18.851164	1
18.95653171	2
26.15251917	2
17.56071583	1
16.51693079	0
22.32059283	1
23.4231827	1
15.8545625	0
18.5973446	0
17.43038995	0
20.65993466	1
15.75881758	0
20.38545007	0
17.87110896	1
19.15260589	0
17.23822077	0
17.24090646	1
15.71689513	0
15.83142749	0
17.85062533	0
19.67224034	1
20.14067257	1
13.68418925	0
21.19625096	1
16.46795926	0
20.46234767	1
36.49174054	0
28.60955862	0
29.25028874	0
28.22293626	0
24.90768074	0
25.79332344	0
30.61950434	0
32.69893839	1
32.29494484	0
28.23699089	1
23.05236142	0
21.14423965	0
26.82123654	0
23.8839188	0
25.48604835	0
28.93596655	0
27.81998151	0
25.42112719	0
26.61699539	1
24.67952906	0
26.23662959	0
27.58864415	0
20.4295722	0
31.40011553	0
30.34942183	1
35.7182735	0
29.43854727	0
21.6073156	0
26.89344624	0
25.67605041	1
25.49922992	1
32.91258116	1
29.13417152	0
35.55654961	1
21.32764329	0
19.74122806	0
31.83983932	0
26.91722793	1
34.94320466	1
24.85071103	0
28.28540768	1
25.77568708	0
28.81191252	1
25.39402545	0
21.25023971	0
30.94891912	1
20.81963273	1
21.59446653	0
28.16408365	1
17.44851924	0
20.34035355	2
20.17601135	1
17.9422924	0
17.40489049	1
10.37492621	0
19.79630946	0
14.18798088	0
16.13222983	1
18.25657618	0
17.40554992	0
21.52804252	0
18.54986058	1
21.30490363	1
13.22588013	0
16.22918358	0
15.50134518	0
21.84520268	2
15.28864875	0
13.78648673	0
19.4528679	0
19.94348283	0
14.38382054	0
23.17304742	2
16.82710422	1
19.08961313	1
21.46485274	0
16.08603554	0