rsid	beta_as	se_as	p_as
rs2501299	-1.52415073125002	0.269078176236038	9.12025934466773e-06
rs921893	-0.745745256979443	0.277878637487876	0.0187678061759728
rs785464	-1.53898957919837	0.36837931112854	0.000510612229122341
rs10165678	-0.819467415304219	0.26384592258127	0.00835209031960265
rs11688829	-2.38990428862104	0.227842399599253	5.02634138421443e-10
rs2683797	-2.3015279426438	0.204613921022604	1.36300974897085e-10
rs736020	2.89951627232314	0.230661666480074	8.69966296264715e-12
rs4667114	-1.57632971967037	0.26656527787027	3.58936538836942e-06
rs807936	-2.37682253219476	0.201005386919037	2.96315010362761e-11
rs4894796	-2.00986401777072	0.251976380383661	3.32530554223376e-08
rs6443834	4.20619500466019	0.260611728332652	1.11558400610854e-13
rs7693834	0.608964605312382	0.245993490080722	0.0207521765159722
rs1047564	1.54137148534696	0.245670980032591	1.03074518891649e-06
rs3775230	-2.10794535076789	0.262114139962536	8.07156272359236e-07
rs7713398	-1.37657864482088	0.195863109042511	3.670382690494e-07
rs12517864	3.957131095198	0.229225312519385	7.82551452833074e-11
rs6886255	4.07190521579746	0.404842791694617	8.6953135684685e-08
rs2274578	1.20158479168326	0.192795908022128	3.50315054165612e-06
rs66468133	-1.58563640003937	0.389903202229508	0.000512545393056039
rs10231696	3.07089607822591	0.341856303957341	7.27896514534123e-08
rs13238842	-0.876071700763741	0.250930054761015	0.00173411334624325
rs2237503	-1.77678487773431	0.265739848043138	3.43939847816243e-05
rs9656383	1.50175371369918	0.258043387301744	8.90565238119286e-06
rs1044551	0.965945445628893	0.220452368550846	0.000200134960941682
rs4840639	2.98577107867115	0.232654164400699	1.08322137935703e-11
rs2056415	2.63508961344519	0.134679720215476	1.7762102534061e-17
rs13258255	-2.36502342698671	0.410470145249514	8.99613909837209e-05
rs3808619	3.7514578224447	0.305004777341843	1.70623338145498e-10
rs10905307	-3.29264730858566	0.125998530481751	3.84095157046394e-19
rs1250568	1.20983221257156	0.125643297038522	2.20209330394956e-10
rs10792831	1.46886478831891	0.281828234316877	2.43221809566229e-05
rs10893845	-2.18829075701298	0.24872289376898	8.08016037334429e-09
rs59084530	1.01078053175131	0.293078380407546	0.00330164531658105
rs11169339	1.47047722295271	0.248908795957319	8.87497737596134e-06
rs3784789	-0.713239483863886	0.136561666968918	6.893006913064e-05
rs8040940	-1.02873282858089	0.235713539449036	0.000422316456949781
rs12598978	0.967731766666903	0.266406141122025	0.00177220109194092
rs56112321	1.25957405247818	0.374110206336399	0.00306688889582612
rs4646797	2.71696203195056	0.282567553040729	2.83101070077208e-07
rs1476098	3.14148719093229	0.274113170655813	3.62100997450431e-08
rs7243172	-1.38091960347199	0.287524318315693	8.50237172859094e-05
rs75760304	3.80991805386004	0.349712278619663	3.12089809738421e-07
rs4801273	2.25462132263022	0.141117004202376	6.52534371555847e-16
rs9974456	-1.44971878843979	0.263509478233497	2.62592634713666e-05
