rsid	geno	het_value	ref_count	alt_count
rs2501299	1|0	1	4	0
rs2501299	0|1	-1	12	0
rs2501299	0|1	-1	7	1
rs2501299	0|1	-1	5	0
rs2501299	1|0	1	5	0
rs2501299	1|0	1	0	0
rs2501299	0|1	-1	2	1
rs2501299	0|1	-1	1	0
rs2501299	1|0	1	1	1
rs2501299	0|1	-1	1	1
rs2501299	1|0	1	4	2
rs2501299	0|1	-1	5	0
rs2501299	0|1	-1	5	1
rs2501299	0|1	-1	3	0
rs2501299	1|0	1	1	0
rs2501299	0|1	-1	7	3
rs2501299	1|0	1	0	2
rs2501299	1|0	1	8	0
rs2501299	0|1	-1	1	0
rs2501299	0|1	-1	0	0
rs2501299	1|0	1	1	0
rs2501299	1|0	1	4	1
rs2501299	1|0	1	2	0
rs2501299	0|1	-1	4	2
rs921893	1|0	1	10	5
rs921893	0|1	-1	9	2
rs921893	1|0	1	5	1
rs921893	0|1	-1	6	2
rs921893	0|1	-1	5	6
rs921893	1|0	1	5	0
rs921893	0|1	-1	6	6
rs921893	1|0	1	16	7
rs921893	1|0	1	0	12
rs921893	0|1	-1	10	3
rs921893	0|1	-1	1	2
rs921893	0|1	-1	9	7
rs921893	1|0	1	7	3
rs921893	1|0	1	4	3
rs785464	1|0	1	2	1
rs785464	0|1	-1	1	1
rs785464	1|0	1	0	2
rs785464	0|1	-1	3	1
rs785464	1|0	1	0	0
rs785464	1|0	1	5	0
rs785464	1|0	1	7	0
rs785464	0|1	-1	8	0
rs785464	1|0	1	0	1
rs785464	1|0	1	7	1
rs785464	0|1	-1	2	0
rs785464	0|1	-1	2	0
rs785464	1|0	1	7	0
rs785464	1|0	1	2	0
rs785464	0|1	-1	1	0
rs785464	1|0	1	4	1
rs785464	1|0	1	2	0
rs785464	1|0	1	2	0
rs785464	0|1	-1	1	2
rs785464	0|1	-1	3	0
rs10165678	1|0	1	16	4
rs10165678	0|1	-1	11	9
rs10165678	0|1	-1	7	1
rs10165678	1|0	1	7	15
rs10165678	0|1	-1	11	8
rs10165678	0|1	-1	6	1
rs10165678	0|1	-1	29	4
rs10165678	0|1	-1	17	8
rs10165678	1|0	1	3	0
rs10165678	0|1	-1	19	10
rs10165678	1|0	1	10	4
rs10165678	0|1	-1	16	8
rs10165678	1|0	1	7	9
rs10165678	0|1	-1	14	8
rs11688829	1|0	1	12	0
rs11688829	1|0	1	4	1
rs11688829	1|0	1	3	0
rs11688829	1|0	1	8	1
rs11688829	1|0	1	5	1
rs11688829	0|1	-1	7	1
rs11688829	0|1	-1	14	1
rs11688829	0|1	-1	2	0
rs11688829	1|0	1	2	1
rs11688829	1|0	1	1	0
rs11688829	1|0	1	8	0
rs11688829	1|0	1	5	0
rs11688829	1|0	1	3	0
rs11688829	1|0	1	2	1
rs11688829	1|0	1	3	0
rs11688829	1|0	1	6	0
rs11688829	0|1	-1	3	0
rs11688829	1|0	1	0	0
rs11688829	0|1	-1	2	0
rs11688829	1|0	1	4	0
rs11688829	0|1	-1	5	0
rs11688829	0|1	-1	0	0
rs11688829	0|1	-1	4	0
rs2683797	0|1	-1	29	7
rs2683797	0|1	-1	3	2
rs2683797	0|1	-1	2	0
rs2683797	1|0	1	6	2
rs2683797	1|0	1	11	3
rs2683797	0|1	-1	4	1
rs2683797	0|1	-1	16	2
rs2683797	1|0	1	2	0
rs2683797	0|1	-1	12	1
rs2683797	0|1	-1	8	2
rs2683797	0|1	-1	6	1
rs2683797	1|0	1	5	2
rs2683797	0|1	-1	20	1
rs2683797	1|0	1	18	1
rs2683797	1|0	1	10	2
rs2683797	1|0	1	1	1
rs2683797	1|0	1	30	1
rs2683797	1|0	1	14	1
rs2683797	1|0	1	10	0
rs2683797	1|0	1	5	0
rs2683797	0|1	-1	19	1
rs2683797	1|0	1	11	2
rs2683797	1|0	1	20	3
rs736020	1|0	1	0	7
rs736020	0|1	-1	0	0
rs736020	1|0	1	0	6
rs736020	0|1	-1	0	8
rs736020	0|1	-1	0	1
rs736020	0|1	-1	0	4
rs736020	1|0	1	0	8
rs736020	0|1	-1	1	2
rs736020	1|0	1	0	6
rs736020	0|1	-1	0	5
rs736020	1|0	1	1	11
rs736020	0|1	-1	0	1
rs736020	1|0	1	0	13
rs736020	0|1	-1	0	2
rs736020	1|0	1	0	3
rs736020	0|1	-1	0	4
rs736020	1|0	1	0	3
rs736020	1|0	1	0	1
rs736020	1|0	1	0	5
rs736020	0|1	-1	0	7
rs736020	0|1	-1	0	3
rs736020	1|0	1	0	2
rs736020	1|0	1	0	2
rs736020	0|1	-1	0	8
rs4667114	1|0	1	2	0
rs4667114	0|1	-1	1	2
rs4667114	0|1	-1	1	1
rs4667114	1|0	1	5	1
rs4667114	1|0	1	0	0
rs4667114	1|0	1	2	1
rs4667114	1|0	1	1	0
rs4667114	1|0	1	1	0
rs4667114	1|0	1	1	0
rs4667114	1|0	1	10	0
rs4667114	0|1	-1	9	0
rs4667114	0|1	-1	1	1
rs4667114	0|1	-1	6	0
rs4667114	0|1	-1	3	2
rs4667114	0|1	-1	1	0
rs4667114	0|1	-1	3	0
rs4667114	1|0	1	7	1
rs4667114	1|0	1	4	0
rs4667114	0|1	-1	0	0
rs4667114	1|0	1	4	1
rs4667114	0|1	-1	0	0
rs4667114	1|0	1	0	0
rs4667114	1|0	1	4	1
rs4667114	0|1	-1	2	0
rs4667114	0|1	-1	10	0
rs4667114	0|1	-1	5	1
rs807936	1|0	1	3	0
rs807936	1|0	1	1	0
rs807936	1|0	1	4	0
rs807936	1|0	1	1	0
rs807936	0|1	-1	3	0
rs807936	1|0	1	2	0
rs807936	1|0	1	1	0
rs807936	0|1	-1	6	0
rs807936	1|0	1	2	0
rs807936	0|1	-1	2	1
rs807936	1|0	1	4	0
rs807936	0|1	-1	5	0
rs807936	0|1	-1	2	0
rs807936	0|1	-1	1	0
rs807936	0|1	-1	5	0
rs807936	1|0	1	2	0
rs807936	1|0	1	0	0
rs807936	1|0	1	1	0
rs807936	0|1	-1	2	0
rs807936	0|1	-1	4	0
rs807936	1|0	1	2	0
rs807936	0|1	-1	1	0
rs807936	0|1	-1	3	0
rs807936	0|1	-1	8	0
rs4894796	0|1	-1	25	2
rs4894796	0|1	-1	7	0
rs4894796	0|1	-1	2	0
rs4894796	0|1	-1	5	0
rs4894796	0|1	-1	17	3
rs4894796	0|1	-1	10	2
rs4894796	0|1	-1	4	1
rs4894796	0|1	-1	4	3
rs4894796	0|1	-1	4	1
rs4894796	1|0	1	9	1
rs4894796	1|0	1	4	2
rs4894796	1|0	1	4	0
rs4894796	1|0	1	24	0
rs4894796	1|0	1	4	0
rs4894796	1|0	1	11	0
rs4894796	0|1	-1	9	3
rs4894796	0|1	-1	8	1
rs4894796	0|1	-1	0	1
rs4894796	0|1	-1	9	0
rs4894796	1|0	1	3	3
rs4894796	0|1	-1	2	0
rs4894796	1|0	1	3	0
rs4894796	1|0	1	7	0
rs4894796	1|0	1	12	3
rs4894796	1|0	1	3	1
rs6443834	0|1	-1	0	32
rs6443834	1|0	1	0	24
rs6443834	1|0	1	1	10
rs6443834	0|1	-1	0	13
rs6443834	0|1	-1	0	10
rs6443834	0|1	-1	0	30
rs6443834	1|0	1	0	17
rs6443834	0|1	-1	0	25
rs6443834	1|0	1	0	6
rs6443834	1|0	1	0	2
rs6443834	1|0	1	1	14
rs6443834	0|1	-1	0	10
rs6443834	1|0	1	0	30
rs6443834	1|0	1	2	25
rs6443834	0|1	-1	0	23
rs6443834	1|0	1	0	11
rs6443834	1|0	1	0	10
rs6443834	0|1	-1	0	0
rs6443834	1|0	1	0	5
rs6443834	0|1	-1	0	21
rs6443834	0|1	-1	0	13
rs6443834	0|1	-1	0	16
rs6443834	0|1	-1	0	16
rs7693834	0|1	-1	1	4
rs7693834	0|1	-1	0	4
rs7693834	1|0	1	0	0
rs7693834	0|1	-1	0	1
rs7693834	0|1	-1	0	0
rs7693834	0|1	-1	1	0
rs7693834	1|0	1	0	1
rs7693834	1|0	1	1	0
rs7693834	1|0	1	0	1
rs7693834	0|1	-1	1	1
rs7693834	1|0	1	0	1
rs7693834	1|0	1	0	0
rs7693834	1|0	1	1	1
rs7693834	1|0	1	1	0
rs7693834	1|0	1	0	0
rs7693834	0|1	-1	1	1
rs7693834	0|1	-1	1	1
rs7693834	0|1	-1	0	1
rs7693834	1|0	1	1	1
rs7693834	1|0	1	0	0
rs7693834	1|0	1	1	1
rs7693834	0|1	-1	0	1
rs7693834	1|0	1	0	0
rs7693834	1|0	1	0	3
rs7693834	1|0	1	0	2
rs1047564	1|0	1	0	3
rs1047564	0|1	-1	0	1
rs1047564	1|0	1	0	1
rs1047564	0|1	-1	0	2
rs1047564	0|1	-1	1	3
rs1047564	0|1	-1	0	10
rs1047564	0|1	-1	0	0
rs1047564	0|1	-1	1	3
rs1047564	1|0	1	2	1
rs1047564	1|0	1	0	1
rs1047564	1|0	1	0	1
rs1047564	1|0	1	0	0
rs1047564	1|0	1	0	1
rs1047564	0|1	-1	0	1
rs1047564	1|0	1	0	2
rs1047564	0|1	-1	0	5
rs1047564	0|1	-1	0	1
rs1047564	1|0	1	2	0
rs1047564	0|1	-1	0	3
rs1047564	1|0	1	0	1
rs1047564	0|1	-1	0	1
rs1047564	0|1	-1	0	1
rs1047564	1|0	1	0	2
rs1047564	0|1	-1	0	1
rs1047564	1|0	1	0	1
rs1047564	0|1	-1	0	1
rs1047564	0|1	-1	0	2
rs1047564	0|1	-1	0	2
rs3775230	0|1	-1	2	1
rs3775230	1|0	1	2	0
rs3775230	1|0	1	2	0
rs3775230	0|1	-1	3	0
rs3775230	1|0	1	2	0
rs3775230	0|1	-1	0	0
rs3775230	1|0	1	5	0
rs3775230	1|0	1	4	0
rs3775230	0|1	-1	2	0
rs3775230	1|0	1	5	1
rs3775230	1|0	1	6	0
rs3775230	1|0	1	4	0
rs3775230	1|0	1	4	0
rs3775230	0|1	-1	3	1
rs3775230	0|1	-1	0	0
rs3775230	0|1	-1	2	0
rs7713398	1|0	1	2	0
rs7713398	0|1	-1	2	1
rs7713398	1|0	1	4	0
rs7713398	1|0	1	1	0
rs7713398	0|1	-1	0	0
rs7713398	0|1	-1	3	1
rs7713398	1|0	1	2	0
rs7713398	1|0	1	0	0
rs7713398	0|1	-1	3	1
rs7713398	1|0	1	1	0
rs7713398	1|0	1	2	0
rs7713398	0|1	-1	3	0
rs7713398	1|0	1	2	1
rs7713398	0|1	-1	0	0
rs7713398	0|1	-1	1	0
rs7713398	1|0	1	3	2
rs7713398	0|1	-1	1	0
rs7713398	1|0	1	7	0
rs7713398	1|0	1	3	1
rs7713398	0|1	-1	3	1
rs7713398	1|0	1	3	0
rs7713398	1|0	1	2	0
rs7713398	0|1	-1	1	0
rs7713398	0|1	-1	1	1
rs12517864	0|1	-1	1	20
rs12517864	0|1	-1	2	29
rs12517864	1|0	1	2	43
rs12517864	1|0	1	2	40
rs12517864	1|0	1	1	4
rs12517864	0|1	-1	0	11
rs12517864	0|1	-1	2	30
rs12517864	1|0	1	1	40
rs12517864	0|1	-1	1	26
rs12517864	1|0	1	2	25
rs12517864	0|1	-1	2	35
rs12517864	0|1	-1	1	35
rs12517864	0|1	-1	0	39
rs12517864	1|0	1	0	35
rs12517864	1|0	1	0	31
rs6886255	0|1	-1	0	25
rs6886255	1|0	1	0	15
rs6886255	0|1	-1	0	7
rs6886255	1|0	1	0	13
rs6886255	1|0	1	0	16
rs6886255	1|0	1	1	22
rs6886255	0|1	-1	0	13
rs6886255	1|0	1	0	14
rs6886255	0|1	-1	0	6
rs6886255	0|1	-1	1	0
rs6886255	0|1	-1	0	13
rs6886255	1|0	1	0	18
rs6886255	1|0	1	0	1
rs6886255	0|1	-1	0	7
rs6886255	0|1	-1	0	8
rs2274578	0|1	-1	3	6
rs2274578	0|1	-1	2	2
rs2274578	0|1	-1	1	7
rs2274578	1|0	1	2	9
rs2274578	1|0	1	2	7
rs2274578	1|0	1	0	1
rs2274578	1|0	1	4	3
rs2274578	1|0	1	2	3
rs2274578	1|0	1	1	3
rs2274578	0|1	-1	2	5
rs2274578	1|0	1	4	10
rs2274578	1|0	1	4	5
rs2274578	1|0	1	1	12
rs2274578	1|0	1	0	4
rs2274578	0|1	-1	0	1
rs2274578	1|0	1	4	6
rs2274578	1|0	1	1	6
rs2274578	0|1	-1	3	8
rs2274578	1|0	1	3	6
rs2274578	0|1	-1	0	3
rs2274578	0|1	-1	1	2
rs2274578	1|0	1	1	11
rs66468133	1|0	1	1	1
rs66468133	1|0	1	2	0
rs66468133	0|1	-1	3	0
rs66468133	1|0	1	3	0
rs66468133	1|0	1	1	1
rs66468133	1|0	1	0	0
rs66468133	1|0	1	4	0
rs66468133	1|0	1	0	2
rs66468133	0|1	-1	2	0
rs66468133	0|1	-1	0	0
rs66468133	1|0	1	4	0
rs66468133	0|1	-1	0	1
rs66468133	0|1	-1	4	0
rs66468133	0|1	-1	4	0
rs66468133	1|0	1	2	0
rs66468133	0|1	-1	0	1
rs66468133	1|0	1	6	0
rs66468133	1|0	1	2	0
rs66468133	0|1	-1	6	0
rs66468133	1|0	1	0	0
rs66468133	0|1	-1	0	0
rs66468133	1|0	1	1	0
rs66468133	0|1	-1	5	0
rs10231696	0|1	-1	0	7
rs10231696	1|0	1	0	4
rs10231696	1|0	1	0	4
rs10231696	0|1	-1	1	10
rs10231696	1|0	1	0	13
rs10231696	0|1	-1	0	10
rs10231696	1|0	1	0	3
rs10231696	1|0	1	0	9
rs10231696	1|0	1	1	0
rs10231696	0|1	-1	0	1
rs10231696	1|0	1	0	11
rs10231696	1|0	1	1	5
rs10231696	0|1	-1	0	10
rs10231696	1|0	1	0	2
rs10231696	1|0	1	0	1
rs10231696	0|1	-1	0	7
rs10231696	0|1	-1	0	3
rs10231696	1|0	1	0	16
rs13238842	0|1	-1	2	1
rs13238842	1|0	1	4	1
rs13238842	1|0	1	1	0
rs13238842	0|1	-1	0	1
rs13238842	1|0	1	1	2
rs13238842	1|0	1	3	0
rs13238842	0|1	-1	1	1
rs13238842	1|0	1	4	0
rs13238842	0|1	-1	1	0
rs13238842	1|0	1	1	0
rs13238842	0|1	-1	2	1
rs13238842	0|1	-1	0	0
rs13238842	1|0	1	1	0
rs13238842	0|1	-1	0	0
rs13238842	0|1	-1	2	1
rs13238842	0|1	-1	3	0
rs13238842	1|0	1	5	0
rs13238842	0|1	-1	3	0
rs13238842	1|0	1	3	0
rs13238842	0|1	-1	1	0
rs13238842	0|1	-1	0	1
rs13238842	1|0	1	3	0
rs13238842	1|0	1	2	2
rs13238842	1|0	1	0	0
rs13238842	0|1	-1	1	1
rs13238842	0|1	-1	2	2
rs13238842	1|0	1	1	1
rs2237503	1|0	1	0	0
rs2237503	1|0	1	0	1
rs2237503	0|1	-1	12	2
rs2237503	1|0	1	2	1
rs2237503	0|1	-1	6	1
rs2237503	1|0	1	2	0
rs2237503	0|1	-1	3	0
rs2237503	0|1	-1	14	4
rs2237503	1|0	1	1	0
rs2237503	1|0	1	3	0
rs2237503	1|0	1	1	0
rs2237503	1|0	1	3	0
rs9656383	0|1	-1	0	5
rs9656383	1|0	1	0	1
rs9656383	1|0	1	0	0
rs9656383	1|0	1	1	2
rs9656383	1|0	1	0	2
rs9656383	1|0	1	0	0
rs9656383	1|0	1	0	0
rs9656383	0|1	-1	0	2
rs9656383	1|0	1	0	1
rs9656383	1|0	1	1	2
rs9656383	0|1	-1	0	2
rs9656383	1|0	1	0	3
rs9656383	0|1	-1	0	3
rs9656383	0|1	-1	1	1
rs9656383	0|1	-1	0	0
rs9656383	1|0	1	0	1
rs9656383	1|0	1	0	0
rs9656383	1|0	1	0	1
rs9656383	1|0	1	0	1
rs9656383	0|1	-1	0	0
rs9656383	0|1	-1	0	3
rs9656383	1|0	1	0	6
rs1044551	0|1	-1	1	2
rs1044551	0|1	-1	0	4
rs1044551	1|0	1	0	1
rs1044551	0|1	-1	0	0
rs1044551	0|1	-1	0	1
rs1044551	1|0	1	1	5
rs1044551	1|0	1	0	0
rs1044551	0|1	-1	1	5
rs1044551	1|0	1	0	1
rs1044551	0|1	-1	0	0
rs1044551	1|0	1	0	3
rs1044551	1|0	1	0	1
rs1044551	0|1	-1	0	0
rs1044551	1|0	1	1	1
rs1044551	1|0	1	2	2
rs1044551	0|1	-1	0	0
rs1044551	0|1	-1	2	2
rs1044551	1|0	1	2	4
rs1044551	0|1	-1	2	0
rs1044551	1|0	1	3	4
rs1044551	0|1	-1	0	1
rs1044551	0|1	-1	0	1
rs1044551	0|1	-1	0	2
rs1044551	0|1	-1	0	5
rs1044551	0|1	-1	1	3
rs4840639	1|0	1	0	6
rs4840639	0|1	-1	0	4
rs4840639	1|0	1	0	6
rs4840639	1|0	1	2	3
rs4840639	1|0	1	0	1
rs4840639	1|0	1	0	2
rs4840639	0|1	-1	0	5
rs4840639	0|1	-1	0	8
rs4840639	0|1	-1	0	3
rs4840639	0|1	-1	0	8
rs4840639	0|1	-1	0	10
rs4840639	1|0	1	0	9
rs4840639	1|0	1	2	17
rs4840639	1|0	1	0	9
rs4840639	1|0	1	0	6
rs4840639	1|0	1	0	5
rs4840639	1|0	1	0	6
rs4840639	0|1	-1	0	4
rs4840639	1|0	1	0	5
rs4840639	0|1	-1	0	2
rs4840639	1|0	1	0	2
rs4840639	0|1	-1	0	4
rs4840639	0|1	-1	0	6
rs2056415	1|0	1	2	16
rs2056415	0|1	-1	2	17
rs2056415	1|0	1	0	9
rs2056415	1|0	1	1	9
rs2056415	1|0	1	1	8
rs2056415	0|1	-1	1	19
rs2056415	1|0	1	1	3
rs2056415	0|1	-1	1	14
rs2056415	0|1	-1	3	28
rs2056415	1|0	1	2	20
rs2056415	1|0	1	4	14
rs2056415	0|1	-1	2	20
rs2056415	0|1	-1	2	17
rs2056415	1|0	1	0	6
rs2056415	0|1	-1	3	14
rs2056415	1|0	1	2	20
rs2056415	0|1	-1	0	5
rs2056415	1|0	1	0	7
rs2056415	0|1	-1	7	21
rs2056415	0|1	-1	0	13
rs2056415	0|1	-1	1	17
rs2056415	1|0	1	1	18
rs2056415	0|1	-1	1	10
rs2056415	1|0	1	2	10
rs2056415	0|1	-1	1	13
rs2056415	0|1	-1	4	25
rs2056415	0|1	-1	2	14
rs2056415	0|1	-1	2	18
rs13258255	0|1	-1	11	0
rs13258255	0|1	-1	5	1
rs13258255	1|0	1	4	0
rs13258255	0|1	-1	7	2
rs13258255	0|1	-1	0	0
rs13258255	1|0	1	3	0
rs13258255	1|0	1	6	0
rs13258255	1|0	1	13	1
rs13258255	0|1	-1	10	0
rs13258255	0|1	-1	4	0
rs13258255	0|1	-1	10	0
rs13258255	0|1	-1	1	2
rs13258255	0|1	-1	7	1
rs3808619	1|0	1	1	46
rs3808619	1|0	1	0	31
rs3808619	1|0	1	1	39
rs3808619	0|1	-1	1	41
rs3808619	0|1	-1	0	27
rs3808619	0|1	-1	2	28
rs3808619	0|1	-1	3	41
rs3808619	1|0	1	1	25
rs3808619	0|1	-1	0	22
rs3808619	0|1	-1	5	16
rs3808619	1|0	1	1	22
rs3808619	1|0	1	0	32
rs3808619	0|1	-1	5	27
rs3808619	0|1	-1	1	38
rs3808619	0|1	-1	0	27
rs3808619	0|1	-1	2	48
rs3808619	0|1	-1	2	33
rs3808619	1|0	1	0	32
rs3808619	1|0	1	0	37
rs3808619	1|0	1	0	42
rs10905307	1|0	1	44	2
rs10905307	0|1	-1	31	1
rs10905307	1|0	1	37	3
rs10905307	1|0	1	30	2
rs10905307	0|1	-1	14	1
rs10905307	1|0	1	24	2
rs10905307	0|1	-1	38	6
rs10905307	0|1	-1	12	1
rs10905307	1|0	1	21	2
rs10905307	1|0	1	39	0
rs10905307	1|0	1	15	1
rs10905307	1|0	1	15	1
rs10905307	0|1	-1	42	1
rs10905307	1|0	1	36	2
rs10905307	0|1	-1	33	3
rs10905307	1|0	1	35	4
rs10905307	1|0	1	28	1
rs10905307	1|0	1	28	1
rs10905307	1|0	1	44	4
rs10905307	1|0	1	37	5
rs10905307	1|0	1	34	3
rs10905307	0|1	-1	7	0
rs10905307	1|0	1	32	5
rs10905307	0|1	-1	15	2
rs10905307	1|0	1	37	3
rs1250568	0|1	-1	1	2
rs1250568	1|0	1	2	8
rs1250568	1|0	1	2	7
rs1250568	1|0	1	1	6
rs1250568	0|1	-1	0	5
rs1250568	0|1	-1	3	9
rs1250568	0|1	-1	3	10
rs1250568	1|0	1	1	2
rs1250568	0|1	-1	2	9
rs1250568	1|0	1	9	23
rs1250568	0|1	-1	0	7
rs1250568	0|1	-1	7	8
rs1250568	1|0	1	2	5
rs1250568	0|1	-1	4	9
rs1250568	1|0	1	1	4
rs1250568	1|0	1	4	13
rs1250568	1|0	1	6	11
rs1250568	0|1	-1	1	6
rs1250568	0|1	-1	2	12
rs1250568	0|1	-1	4	10
rs1250568	0|1	-1	6	11
rs1250568	0|1	-1	3	12
rs1250568	0|1	-1	9	13
rs1250568	1|0	1	1	2
rs1250568	1|0	1	1	0
rs1250568	1|0	1	0	3
rs1250568	0|1	-1	5	6
rs1250568	1|0	1	2	6
rs1250568	1|0	1	5	13
rs10792831	0|1	-1	0	9
rs10792831	1|0	1	0	1
rs10792831	1|0	1	0	2
rs10792831	0|1	-1	0	2
rs10792831	0|1	-1	1	3
rs10792831	0|1	-1	0	3
rs10792831	1|0	1	0	0
rs10792831	0|1	-1	1	1
rs10792831	0|1	-1	0	7
rs10792831	0|1	-1	0	2
rs10792831	1|0	1	1	0
rs10792831	0|1	-1	0	4
rs10792831	1|0	1	0	2
rs10792831	1|0	1	0	3
rs10792831	0|1	-1	0	3
rs10792831	0|1	-1	0	0
rs10792831	0|1	-1	2	14
rs10792831	0|1	-1	3	2
rs10792831	0|1	-1	1	2
rs10792831	1|0	1	1	2
rs10792831	0|1	-1	1	4
rs10792831	1|0	1	1	1
rs10792831	0|1	-1	1	1
rs10792831	0|1	-1	0	4
rs10792831	1|0	1	0	1
rs10893845	1|0	1	10	0
rs10893845	1|0	1	3	0
rs10893845	0|1	-1	2	0
rs10893845	1|0	1	3	0
rs10893845	1|0	1	4	0
rs10893845	1|0	1	5	2
rs10893845	0|1	-1	0	0
rs10893845	1|0	1	0	0
rs10893845	0|1	-1	2	0
rs10893845	0|1	-1	7	0
rs10893845	0|1	-1	1	0
rs10893845	0|1	-1	4	1
rs10893845	0|1	-1	0	0
rs10893845	0|1	-1	2	1
rs10893845	0|1	-1	1	0
rs10893845	0|1	-1	5	0
rs10893845	1|0	1	5	0
rs10893845	1|0	1	2	0
rs10893845	1|0	1	2	0
rs10893845	1|0	1	7	1
rs10893845	0|1	-1	0	0
rs10893845	0|1	-1	5	0
rs10893845	1|0	1	6	0
rs10893845	1|0	1	7	0
rs59084530	1|0	1	0	5
rs59084530	1|0	1	2	8
rs59084530	0|1	-1	0	2
rs59084530	1|0	1	0	1
rs59084530	0|1	-1	1	2
rs59084530	0|1	-1	0	1
rs59084530	0|1	-1	1	0
rs59084530	0|1	-1	1	0
rs59084530	0|1	-1	1	3
rs59084530	0|1	-1	1	3
rs59084530	0|1	-1	0	0
rs59084530	1|0	1	0	1
rs59084530	1|0	1	1	1
rs59084530	0|1	-1	1	4
rs59084530	0|1	-1	0	0
rs59084530	1|0	1	3	2
rs59084530	0|1	-1	0	3
rs11169339	0|1	-1	1	4
rs11169339	1|0	1	2	7
rs11169339	1|0	1	0	3
rs11169339	1|0	1	1	0
rs11169339	0|1	-1	2	3
rs11169339	1|0	1	3	6
rs11169339	1|0	1	1	2
rs11169339	0|1	-1	0	2
rs11169339	0|1	-1	1	1
rs11169339	0|1	-1	2	3
rs11169339	1|0	1	0	4
rs11169339	0|1	-1	1	0
rs11169339	0|1	-1	0	1
rs11169339	1|0	1	0	1
rs11169339	1|0	1	1	17
rs11169339	0|1	-1	0	2
rs11169339	1|0	1	1	3
rs11169339	0|1	-1	2	12
rs11169339	0|1	-1	0	1
rs11169339	1|0	1	0	1
rs11169339	0|1	-1	1	8
rs3784789	0|1	-1	25	9
rs3784789	0|1	-1	29	21
rs3784789	0|1	-1	37	23
rs3784789	0|1	-1	17	10
rs3784789	1|0	1	29	17
rs3784789	1|0	1	30	20
rs3784789	1|0	1	33	33
rs3784789	0|1	-1	35	10
rs3784789	0|1	-1	13	7
rs3784789	0|1	-1	30	20
rs3784789	0|1	-1	0	26
rs3784789	1|0	1	24	13
rs3784789	0|1	-1	8	4
rs3784789	1|0	1	36	10
rs3784789	1|0	1	25	17
rs3784789	0|1	-1	38	19
rs3784789	0|1	-1	30	21
rs3784789	0|1	-1	26	18
rs8040940	1|0	1	1	0
rs8040940	0|1	-1	4	1
rs8040940	0|1	-1	2	1
rs8040940	1|0	1	2	0
rs8040940	1|0	1	3	1
rs8040940	0|1	-1	1	0
rs8040940	0|1	-1	8	1
rs8040940	0|1	-1	2	2
rs8040940	0|1	-1	2	1
rs8040940	0|1	-1	1	3
rs8040940	0|1	-1	4	1
rs8040940	0|1	-1	1	1
rs8040940	1|0	1	2	1
rs8040940	0|1	-1	1	0
rs8040940	0|1	-1	0	0
rs8040940	0|1	-1	1	0
rs8040940	0|1	-1	4	3
rs8040940	1|0	1	10	2
rs12598978	0|1	-1	0	4
rs12598978	1|0	1	0	0
rs12598978	0|1	-1	0	3
rs12598978	0|1	-1	2	3
rs12598978	1|0	1	1	0
rs12598978	0|1	-1	0	4
rs12598978	1|0	1	2	3
rs12598978	0|1	-1	3	1
rs12598978	1|0	1	2	2
rs12598978	1|0	1	2	7
rs12598978	1|0	1	0	0
rs12598978	1|0	1	4	5
rs12598978	1|0	1	2	4
rs12598978	0|1	-1	1	1
rs12598978	0|1	-1	0	6
rs12598978	0|1	-1	0	0
rs12598978	0|1	-1	1	8
rs12598978	1|0	1	2	1
rs12598978	1|0	1	2	8
rs12598978	0|1	-1	4	13
rs56112321	0|1	-1	0	6
rs56112321	0|1	-1	0	1
rs56112321	0|1	-1	0	0
rs56112321	0|1	-1	0	0
rs56112321	0|1	-1	0	4
rs56112321	0|1	-1	0	0
rs56112321	1|0	1	0	0
rs56112321	1|0	1	0	6
rs56112321	1|0	1	1	1
rs56112321	0|1	-1	1	0
rs56112321	0|1	-1	0	0
rs56112321	1|0	1	0	0
rs56112321	0|1	-1	1	8
rs56112321	1|0	1	0	2
rs56112321	1|0	1	3	1
rs56112321	1|0	1	0	0
rs56112321	0|1	-1	0	1
rs56112321	0|1	-1	0	2
rs56112321	0|1	-1	0	0
rs56112321	0|1	-1	1	3
rs56112321	0|1	-1	0	8
rs4646797	1|0	1	0	6
rs4646797	1|0	1	0	3
rs4646797	0|1	-1	0	3
rs4646797	0|1	-1	0	3
rs4646797	1|0	1	0	7
rs4646797	0|1	-1	0	0
rs4646797	1|0	1	0	1
rs4646797	1|0	1	0	2
rs4646797	0|1	-1	0	1
rs4646797	0|1	-1	0	11
rs4646797	1|0	1	0	1
rs4646797	1|0	1	0	3
rs4646797	0|1	-1	0	3
rs4646797	0|1	-1	0	3
rs1476098	1|0	1	0	6
rs1476098	0|1	-1	0	3
rs1476098	0|1	-1	0	7
rs1476098	1|0	1	0	10
rs1476098	1|0	1	0	2
rs1476098	1|0	1	1	7
rs1476098	0|1	-1	1	13
rs1476098	1|0	1	0	4
rs1476098	1|0	1	0	7
rs1476098	1|0	1	0	2
rs1476098	0|1	-1	0	2
rs1476098	1|0	1	0	0
rs1476098	1|0	1	0	14
rs1476098	1|0	1	0	9
rs7243172	0|1	-1	3	0
rs7243172	1|0	1	3	0
rs7243172	0|1	-1	1	0
rs7243172	0|1	-1	1	0
rs7243172	1|0	1	2	0
rs7243172	0|1	-1	0	0
rs7243172	1|0	1	0	0
rs7243172	1|0	1	1	0
rs7243172	1|0	1	0	0
rs7243172	0|1	-1	0	0
rs7243172	1|0	1	5	1
rs7243172	0|1	-1	0	0
rs7243172	0|1	-1	0	0
rs7243172	0|1	-1	0	0
rs7243172	1|0	1	0	1
rs7243172	1|0	1	5	0
rs7243172	1|0	1	1	0
rs7243172	1|0	1	4	0
rs7243172	1|0	1	0	0
rs7243172	1|0	1	3	0
rs7243172	1|0	1	0	0
rs7243172	1|0	1	0	0
rs7243172	1|0	1	0	0
rs75760304	0|1	-1	0	27
rs75760304	1|0	1	0	8
rs75760304	0|1	-1	0	12
rs75760304	1|0	1	1	8
rs75760304	1|0	1	0	6
rs75760304	1|0	1	1	7
rs75760304	1|0	1	0	5
rs75760304	0|1	-1	0	17
rs75760304	1|0	1	0	8
rs75760304	1|0	1	0	18
rs75760304	0|1	-1	0	14
rs75760304	0|1	-1	0	10
rs4801273	1|0	1	7	37
rs4801273	1|0	1	7	21
rs4801273	1|0	1	2	10
rs4801273	0|1	-1	2	7
rs4801273	1|0	1	4	24
rs4801273	1|0	1	5	36
rs4801273	1|0	1	6	23
rs4801273	0|1	-1	0	2
rs4801273	0|1	-1	3	15
rs4801273	0|1	-1	2	19
rs4801273	0|1	-1	2	24
rs4801273	1|0	1	8	35
rs4801273	0|1	-1	2	19
rs4801273	0|1	-1	2	23
rs4801273	0|1	-1	0	19
rs4801273	1|0	1	5	25
rs4801273	0|1	-1	7	13
rs4801273	0|1	-1	0	7
rs4801273	0|1	-1	5	18
rs4801273	0|1	-1	2	41
rs4801273	0|1	-1	2	18
rs4801273	0|1	-1	1	21
rs4801273	1|0	1	3	18
rs4801273	1|0	1	1	27
rs4801273	0|1	-1	5	26
rs4801273	1|0	1	6	25
rs4801273	0|1	-1	1	22
rs4801273	0|1	-1	1	7
rs4801273	1|0	1	10	29
rs4801273	0|1	-1	4	17
rs9974456	1|0	1	6	0
rs9974456	1|0	1	5	0
rs9974456	1|0	1	4	2
rs9974456	0|1	-1	4	0
rs9974456	1|0	1	6	3
rs9974456	1|0	1	5	2
rs9974456	0|1	-1	6	2
rs9974456	1|0	1	6	2
rs9974456	1|0	1	4	4
rs9974456	0|1	-1	5	2
rs9974456	1|0	1	3	0
rs9974456	0|1	-1	1	0
rs9974456	0|1	-1	2	0
rs9974456	0|1	-1	5	0
rs9974456	1|0	1	1	1
rs9974456	1|0	1	1	2
rs9974456	1|0	1	8	0
rs9974456	0|1	-1	5	1
rs9974456	0|1	-1	11	1
rs9974456	1|0	1	9	1
