5.000373176	0
2.98751629	0
2.403192576	1
2.146626553	0
3.853844925	0
3.693308616	0
2.400631682	2
3.039857966	1
0.691649747	1
2.512913489	2
3.38875747	1
2.590977774	1
2.136526919	1
3.71003879	1
3.324369894	0
3.171709703	0
2.019729651	0
4.507301265	0
1.727018479	2
3.017589397	1
3.086096962	0
2.477447728	1
5.16972508	0
2.965176962	1
3.277905802	2
3.06519619	1
2.292691621	2
2.108931523	1
1.915962636	1
5.170406249	0
3.219312069	1
3.898160176	1
4.949249129	0
2.848879697	1
1.883745694	2
3.24705429	1
2.69182627	1
2.318254453	1
1.672872209	1
1.400857269	2
1.268775371	1
2.436876486	1
1.832143556	2
0.954361366	1
5.283775928	0
2.884035281	1
5.889831251	0
2.672057382	1
3.064220431	1
2.848520646	1
4.598544275	0
2.80720978	2
1.610482806	2
2.48355989	1
3.190116254	1
2.17659935	1
1.861620508	1
3.987116929	0
5.26374936	0
2.318860248	2
2.492188547	1
2.631221907	0
2.492296524	1
2.733452865	1
1.974527363	1
3.452813355	1
1.658700871	0
1.688135815	1
2.951080585	1
4.92526864	0
4.892788519	0
2.226656874	0
1.522705141	1
4.931429335	0
3.529657897	0
5.56639517	0
2.33985535	1
2.492252131	1
1.37909882	2
1.847486554	0
2.306351187	0
2.232793673	0
1.14663344	1
1.847443962	1
3.95434768	0
1.25144686	1
2.164455192	1
2.311867482	0
1.773987052	1
2.243775084	0
1.348710767	1
2.336701299	2
3.012489535	1
4.163963498	1
6.003325843	0
3.07832615	1
2.409590125	1
1.575221303	2
2.479285168	1
5.774091838	0
