cpm	genotype
35.47910672	0
18.44401135	0
23.58620288	0
39.90004399	0
42.10688513	1
40.96137997	0
17.19025641	0
44.170926	1
31.26421101	0
43.34732754	0
27.11242986	0
53.0441563	1
13.22742947	0
37.65280913	1
46.11111381	0
17.80695167	0
43.26704851	1
42.91953202	1
23.82784391	0
21.3646421	0
30.3202103	0
38.62249793	1
51.69385756	1
67.42446206	1
47.84449967	1
43.28657441	1
43.55529847	0
59.84551891	1
38.745598	0
34.27193494	0
37.35509337	1
29.55640489	0
50.33920576	1
59.48799634	1
30.37353243	0
49.79279446	0
34.55570176	0
56.26783009	1
36.79397223	0
29.1955577	0
21.59845197	0
50.9554342	0
47.70893745	2
42.57025306	0
35.98477394	1
50.16113659	1
15.11007029	0
34.68119253	0
34.48528241	0
18.1569818	0
25.17703804	0
34.14999296	0
33.53855158	0
46.38322472	1
48.19824315	1
40.43393748	0
22.17729022	0
48.48485669	1
68.74257007	2
56.30809048	2
39.41357137	1
29.82074977	0
59.20647713	1
55.42661224	1
27.19373519	0
31.9460701	0
26.4078438	0
48.40004043	1
14.87837007	0
26.22596627	0
38.33973386	1
38.98861901	0
39.54190184	0
40.57359115	1
27.65089497	0
28.64257663	0
41.16644558	0
53.82490406	1
38.2177731	1
14.65991069	0
43.10654289	1
44.1175291	0
41.1045306	1
92.46507968	0
39.78136391	0
78.12581755	0
36.18977429	0
55.89401587	0
73.41677166	0
80.63507917	0
76.04896538	1
75.3282671	0
113.2482212	1
55.59313677	0
47.54502191	0
50.58889991	0
45.20908633	0
45.04868853	0
74.849591	0
46.23571056	0
64.70345098	0
61.06834768	1
70.02649582	0
60.14438005	0
60.60254534	0
87.27607159	0
78.84508339	0
84.6834127	1
131.2912696	0
68.55292362	0
80.41189936	0
58.30530274	0
76.00859945	1
69.52970896	1
96.35771183	1
75.35378682	0
65.29605285	1
106.0331295	0
41.563352	0
91.30107038	0
51.97190922	1
44.7177746	1
68.70523371	0
104.1374257	1
77.2511881	0
114.7257311	1
79.3560566	0
67.35151042	0
112.1048905	1
70.218726	1
77.62062055	0
95.09962765	1
28.86499488	0
75.64742073	2
30.37119601	1
26.09721766	0
44.44773113	1
12.38908344	0
32.48126166	0
16.07250964	0
34.347391	1
43.08819272	0
36.89838464	0
33.09918004	0
35.23008557	1
50.10306673	1
14.00966147	0
16.0944834	0
19.73049165	0
62.08672264	2
20.47037029	0
12.91866884	0
31.53695888	0
43.71805353	0
18.25956409	0
56.21045553	2
22.89548482	1
35.4829526	1
37.26898234	0
41.52989742	0