phenotype	genotype
0.379511267	1
1.74339819	0
0.040152311	1
-1.24775207	2
0.223779172	0
-1.415804148	2
0.413001299	1
-1.963341355	2
-1.025490165	2
-0.004051983	1
0.469100118	0
-0.806636631	2
0.0628995	1
-0.298992932	1
0.652260244	0
-0.368660718	1
-0.22513783	1
0.704153478	0
0.369662076	1
1.0817765	0
-0.842633426	2
-0.503869474	2
-0.19599545	1
0.612346888	1
0.332566679	1
1.398932099	0
-0.976975858	2
0.132510021	1
0.119344451	1
-0.130058333	1
1.939581156	0
-0.078503549	1
0.011021316	1
0.369618684	1
0.850861609	1
0.794162571	0
-0.040951565	1
-1.510595918	2
-0.273017406	1
-0.547854781	2
0.290105581	1
-0.467436194	1
-1.075317621	2
0.230655804	1
-0.743091643	2
-0.923513353	2
0.163939282	1
-1.045267344	2
-0.464904279	2
0.394542515	0
-0.345510334	1
0.630140662	0
0.450276077	0
0.1243608	1
0.392833233	1
-0.803577483	2
-0.442747802	1
-0.169921756	0
0.972663283	1
-0.684222341	1
-0.795291603	2
-0.269054532	1
-0.11080654	1
-1.354134202	2
-1.330584526	2
-1.302046537	2
-1.175850034	2
0.869902551	1
-0.563373804	1
-0.427824229	1
0.111956656	1
0.002736107	1
0.811044633	0
1.617073059	0
0.459385395	1
-0.27195996	2
0.969264805	0
1.104185343	0
-0.13510704	1
-1.894791245	2
-0.031514287	1
1.394057155	0
0.451956183	1
-0.634769917	2
1.319561124	0
-0.246168256	1
-0.220803797	1
1.070305347	0
0.511630595	1
-0.950647831	1
1.900619388	0
0.654583097	0
0.870812774	1
-0.179630175	1
0.686180353	1
0.402835876	0
-1.099365473	2
-0.346607953	1
-0.146721423	1
1.55523777	0
