phenotype	genotype
0.660063624	0
-0.886481166	1
-0.579472184	2
0.743451297	0
-0.905076921	2
0.243726879	1
-1.007187963	2
-0.974053741	2
-0.106407009	2
0.163120508	1
0.449986249	0
0.426920891	1
0.04513371	1
0.636099517	0
-0.14120841	1
0.859375477	0
-1.246322989	2
-1.130334735	2
-0.36441797	1
0.228577375	1
-0.050374031	1
1.036692023	0
-1.805124521	2
0.335234523	1
-0.160687447	1
0.232590184	1
1.23422122	0
-0.254090607	1
0.308214813	1
0.519899607	1
0.91124022	0
0.008922637	1
0.397722065	1
-0.901643991	2
-0.100213945	1
-0.010240868	1
-0.998205066	2
-0.636279106	2
0.199273944	1
-1.047875404	2
0.474296123	2
0.619568646	0
0.545072794	0
0.917585611	0
0.147289157	1
0.174287945	1
-0.305477619	2
0.826705813	0
0.058601756	1
-0.739516497	2
0.097448081	1
0.271007806	1
-0.980722427	2
-0.923621297	2
-0.493016362	2
-0.742447138	2
0.28871721	1
0.041101843	1
-0.053185761	1
0.531587958	1
-0.160542369	1
0.788528264	0
0.301903605	1
-0.66289866	2
1.486332655	0
-0.021202713	1
-1.208271503	2
0.23632282	1
0.654358208	0
-0.114699244	1
-0.941361129	2
1.046794772	0
-0.253897965	1
0.206226796	1
0.656623006	0
0.168618768	1
1.06584692	0
0.798555493	0
0.052247882	1
0.04181695	1
0.040175378	1
-0.311369538	1
0.361963034	0
-0.166280746	1
-0.469635785	2
0.698132038	1
-0.271737039	1
0.75495255	0
-0.262770534	1
0.753225029	0
-0.066734552	1
-0.13970083	1
-0.84067297	2
-0.356814921	1
-0.961414695	2
-0.513376713	1
-0.530785739	1
0.00538969	1
0.812496305	0
-1.473910689	2
0.530251324	0
0.481563181	0
0.716067791	0
0.990419686	0
0.008144736	1
-0.407399952	1
-0.551229954	1
0.051373146	1
-0.180417389	1
-0.216123596	1
-0.594763577	2
0.995043874	0
-0.379764259	1
0.169929862	0
-0.04686296	1
0.343871593	1
0.14105773	0
-0.071587086	1
0.280204833	0
-0.867371321	2
0.936412692	0
-0.376375884	1
-1.237261295	2
0.186595559	0
0.634312391	0
-0.304240197	1
-0.531317532	2
0.407187283	0
0.39422363	1
0.120086424	1
0.281126678	1
0.883813977	1
-0.370289981	1
-0.749363065	2
-0.119890541	2
0.989382863	0
-0.847524166	2
-0.230031252	1
0.574561834	0
0.163637221	1
0.542724907	0
0.467517853	0
0.190795124	1
-0.577274323	2
0.420258939	0
-0.039172933	1
-0.99497366	2
-0.240836471	1
-1.403231144	2
0.309262812	1
1.030568957	0
-0.094980985	1
-0.986893475	2
-0.325406939	1
0.033667386	1
1.054195881	0
-0.103140399	1
0.249759048	1
0.433843911	1
-0.411948174	2
