phenotype	genotype
-0.274892509	0
-0.875907183	1
-0.898771048	2
0.192693621	0
-0.20483321	2
0.543565035	1
-1.170547247	2
-0.359914362	2
-0.015118778	2
0.137792945	1
0.307607234	0
0.032284945	1
-0.124666095	1
1.073464155	0
-0.037955701	1
0.777951062	0
-0.829905033	2
-0.943401098	2
-0.064293154	1
-0.401370168	1
-0.209572941	1
0.417221218	0
-0.788875639	2
-0.149742723	1
1.215168238	1
-0.335636675	1
0.871095657	0
0.202559233	1
0.444630414	1
0.788766861	1
0.129338279	0
-0.583301485	1
0.15220964	1
0.449416429	2
-0.458074212	1
-0.614911199	1
-0.177595496	2
-0.053676963	2
0.459124237	1
-0.290976107	2
0.209462911	2
0.961081743	0
0.124445558	0
-0.090530455	0
-0.556895494	1
0.539756954	1
-0.179114372	2
0.854293704	0
-0.5244205	1
0.282421112	2
-0.286852628	1
-0.448477775	1
-0.490084469	2
0.055052817	2
-0.059902377	2
-0.190356761	2
0.334669709	1
-0.042659201	1
0.284945488	1
0.036159396	1
0.026592374	1
0.448398352	0
-0.130515456	1
-0.118208528	2
0.165704131	0
0.196051896	1
-1.197393656	2
0.453650296	1
0.711771429	0
-0.149122834	1
-0.184366688	2
0.571185589	0
-0.299233258	1
-0.180155605	1
0.29039681	0
-0.345972538	1
0.495149851	0
-0.172133967	0
0.449833333	1
-0.176906854	1
-0.049769372	1
-0.306799918	1
-0.30818516	0
0.046823502	1
-0.087345392	2
0.289988995	1
0.012939095	1
-0.055288166	0
0.169996977	1
0.495127439	0
0.139745831	1
-0.589761257	1
-0.29632318	2
0.243938655	1
-0.084314227	2
-0.487519264	1
-0.043893784	1
-0.22113359	1
0.27715075	0
-1.482717872	2
0.646011114	0
0.812288761	0
0.361822367	0
0.320538193	0
-0.276814818	1
-0.266157985	1
-0.264195919	1
-0.220836818	1
0.100349069	1
-0.203448027	1
0.278468847	2
0.3474029	0
-0.616091728	1
0.60334909	0
0.377604485	1
0.419246376	1
0.321389019	0
0.535586536	1
-0.18450582	0
-0.283972144	2
-0.081520081	0
0.03046152	1
0.028476834	2
0.18691361	0
0.201335281	0
-0.052616656	1
-0.460137486	2
-0.346292973	0
-0.352334261	1
-0.586879015	1
-0.086605906	1
-0.007029116	1
-0.572152257	1
0.021288335	2
0.525992274	2
-0.232162565	0
-0.110818088	2
0.238523602	1
-0.580392182	0
0.790353298	1
0.582294703	0
0.477436781	0
0.062679052	1
-0.61961472	2
1.174469948	0
-0.49915278	1
-0.035189584	2
-0.107784942	1
-0.579575539	2
0.043040305	1
0.850044787	0
0.041415125	1
-0.189216554	2
0.17120558	1
-0.660311878	1
-0.358736604	0
0.183069289	1
0.530835271	1
-0.155374825	1
0.035688102	2
