phenotype	genotype
-0.578196764	1
-0.409351856	2
-0.130624861	1
-0.668722153	1
0.535511911	0
0.430915415	1
0.635781288	0
0.150697201	1
-0.821308196	1
-1.123939753	2
-0.43312037	1
-0.642421782	2
-1.423178911	1
-0.039793491	1
0.48370263	1
0.907116592	0
-1.735944867	2
0.331385732	0
0.51288861	0
0.684169888	0
0.296417892	0
-0.915850401	1
-0.653334379	1
-0.647618651	1
-0.095419005	1
0.023430258	1
0.087785199	1
0.290629089	2
0.421069741	0
-1.00481987	1
1.666022778	0
-0.553622484	1
0.183573887	1
1.223865271	0
-0.633010626	1
0.890256643	0
-0.848890543	2
0.901778817	0
0.477667868	1
-0.950212359	2
0.773991704	0
-0.207913071	0
0.790252328	1
-1.466811895	2
1.979382277	0
0.200516164	1
0.148911476	1
0.369885147	1
0.583384514	1
