43.6493742	2
15.55661021	0
31.99603752	1
27.47316006	1
45.2355701	2
15.65634968	1
38.88818006	2
30.97041938	1
37.13809307	2
39.43824991	2
45.97680123	2
21.84591094	1
32.01319366	1
50.9733784	2
63.79007839	2
47.53550657	2
24.38688189	1
35.74920448	2
27.47409761	1
45.78137592	2
29.11702735	1
46.49138069	2
29.32707501	2
7.309440162	0
46.04901072	2
29.3851419	2
33.59061764	1
42.19324355	2
21.68540318	1
38.80035877	2
27.78768716	1
59.84259755	2
28.8312358	1
28.67098236	2
38.6187837	2
25.40276463	2
28.683491	1
28.7568981	1
42.0840927	2
34.09349666	2
17.27876158	1
38.83073524	2
37.62143248	2
29.84544916	2
26.70744941	1
14.26245083	0
24.30750438	1
9.977883699	0
44.62801253	2
45.73896179	2
40.19293966	2
27.24921718	1
44.52750882	2
28.35685936	1
36.79082197	2
46.21839595	2
35.99672107	1
21.91549369	1
32.90477688	2
30.08440022	1
30.2309844	1
44.34880735	2
25.70122997	1
4.053704412	0
27.0962666	1
43.2937089	2
43.4222935	2
40.66891916	2
29.68197447	1
33.06145748	1
48.212936	2
36.18792426	2
36.55760737	2
11.10032211	0
42.4551352	2
16.3015867	1
24.40724641	1
43.41837051	2
44.62696486	2
36.49706932	2
53.38408913	2
28.87692814	2
38.31778276	2
20.02059923	2
19.14076396	1
14.16691566	1
33.07207414	2
20.46747055	1
38.46855165	2
19.21496184	1
23.48086008	1
18.43010804	1
30.52173631	2
20.19852507	1
15.70808983	1
27.19556148	2
24.77284467	1
17.93709211	1
37.3309049	2
22.41273551	1
13.10840719	0
41.90585506	2
37.72380645	2
22.107362	2
20.66851349	2
17.96571552	1
41.987163	2
18.58904181	1
36.00794654	1
17.95722601	1
22.12052972	2
25.38224179	2
34.76879853	2
41.84963525	2
19.83263368	2
29.36581398	2
31.80811869	1
23.58111297	2
22.57670946	2
25.29703938	1
31.35303885	2
47.73553853	2
28.13606693	2
27.34152076	2
17.99990737	1
22.25613564	1
46.80767401	2
27.38272102	2
24.99197163	2
27.88714245	2
18.26158958	2
19.50531115	1
43.32852995	2
23.65203594	1
35.62053853	2
28.73265097	1
25.78587886	1
58.10809048	2
39.23061473	1
33.33557555	1
39.8909799	1
47.01155851	2
31.48584557	1
50.80907343	2
44.42333782	2
33.26934624	1
62.56803561	2
43.19428548	2
12.20442783	0
8.477380854	0
18.44098013	1
46.54260143	2
33.21360733	2
30.28468799	1
31.40645023	1
34.68304703	1
53.1220362	2
50.41067223	2
34.68950624	1
32.62566481	2