85.7781245	2
63.82314146	0
77.77336716	1
69.18139688	1
81.45916132	2
49.58142766	1
87.3161341	2
67.87385536	1
78.62334778	2
83.9553242	2
88.63249871	2
66.42611035	1
73.80399952	1
92.57536073	2
100.7982952	2
86.22523613	2
62.20073211	1
76.2252598	2
74.55692514	1
84.6016093	2
73.36330311	1
84.63275965	2
71.57030074	2
54.4956641	0
81.66512472	2
79.30109958	2
74.02387717	1
80.57712535	2
72.96601414	1
88.24070653	2
73.27943202	1
85.71300085	2
77.58408203	1
73.19310239	2
86.54481844	2
74.40517766	2
59.02140481	1
69.17717501	1
91.35652129	2
83.51186326	2
58.345511	1
75.51642525	2
73.72796707	2
76.31868255	2
72.38606799	1
60.11721221	0
71.69311263	1
51.80992081	0
86.91031204	2
87.37158716	2
82.76192388	2
66.09752293	1
78.62243572	2
71.68778388	1
79.77000556	2
82.14227688	2
74.99133359	1
66.72642135	1
74.46857193	2
67.67350424	1
75.6484004	1
79.03910198	2
71.48624705	1
32.2979715	0
73.10619364	1
80.92664734	2
78.79198382	2
86.97182234	2
70.12694908	1
73.62311824	1
91.01101077	2
74.10393976	2
78.57184331	2
63.94732612	0
84.0912997	2
59.80990933	1
65.66087887	1
92.56805179	2
82.51740667	2
72.94209203	2
84.35274443	2
69.70653324	2
87.65457688	2
65.70459085	2
47.04762896	1
56.61215016	1
71.57942491	2
61.0017786	1
73.04206414	2
57.20350357	1
68.12638455	1
54.51809496	1
61.56583292	2
59.11588433	1
51.37405967	1
85.05615807	2
59.35766308	1
54.07067115	1
79.66193881	2
58.92842151	1
47.30911087	0
69.29415807	2
68.34706136	2
59.56382355	2
52.66367574	2
57.42681188	1
78.12767291	2
50.43936779	1
71.60003087	1
57.42544093	1
68.04855055	2
70.43232435	2
70.24475559	2
78.24701562	2
72.65731034	2
67.64329436	2
61.01492725	1
54.97821478	2
59.81275943	2
59.16165768	1
70.01317034	2
80.65452276	2
68.51882824	2
66.66593565	2
51.74407319	1
63.25424548	1
86.43273992	2
63.37699947	2
57.83890444	2
61.12854558	2
52.92874344	2
59.18176049	1
78.09151816	2
60.06712501	1
72.08988282	2
75.05002899	1
64.1960538	1
86.01802442	2
79.1610051	1
73.23332572	1
86.27736946	1
86.28427495	2
76.26856279	1
86.38916745	2
82.82417311	2
68.16105057	1
85.98599607	2
77.46362075	2
59.68325434	0
60.24195359	0
55.80073346	1
86.7380122	2
84.15922709	2
76.54264161	1
69.77606092	1
74.36231003	1
82.56805259	2
86.91843673	2
78.4708936	1
80.70163272	2