rpkm	genotype
2.583870254	1
4.176936081	2
1.456829079	1
1.807789659	1
3.917181711	2
2.374268294	1
3.606211002	2
3.370129831	1
3.400945469	2
3.810855433	2
4.941022514	2
2.697866384	2
5.766402518	2
2.923969789	1
2.901577999	1
7.048851875	2
4.204102303	2
2.338761669	1
5.154113385	2
2.058248324	1
4.997809414	2
2.755190362	1
3.968101626	2
3.345771145	2
1.087807433	0
6.359505449	2
3.726230713	2
3.463746773	1
2.634710562	1
3.090127706	2
0.919388114	1
3.343678914	2
3.658523006	1
4.253088432	2
2.192386167	1
1.849260861	1
3.732979082	2
2.780299296	2
3.255524056	2
4.14726618	1
2.520185213	2
3.997785132	2
2.822676391	2
3.531992291	2
2.957051833	1
5.162910067	2
1.555082965	1
3.139039806	2
5.087034144	2
3.258479642	1
1.15809549	0
3.215689582	1
2.720384814	1
1.813644176	0
3.650441933	2
4.342768016	2
6.238136053	2
5.207071262	2
1.646276696	0
3.98531393	2
2.752582738	1
1.785488427	0
2.358109256	1
5.019101381	1
3.992392874	2
3.34388658	1
2.440320344	1
3.195052968	2
2.813813064	2
3.650584887	2
3.464125323	2
2.122864256	1
3.457367709	2
4.217337944	2
2.051121965	1
2.965746785	2
1.108127948	1
5.860209765	2
3.46487716	2
1.702737105	1
4.222351793	2
1.423528991	1
2.439955086	1
8.410181743	2
7.786361568	2
3.039046971	1
0.280868297	0
3.622859801	2
2.390967572	1
4.419809986	2
6.314714648	2
3.218264075	2
2.331538649	1
2.69427181	1
2.64240111	2
2.257368497	2
0.773657403	0
5.474678139	2
1.928142948	1
1.439151995	1
4.164948134	1
5.483125627	2
4.175142452	2
3.132522593	2
4.201655435	2
2.622244874	1
2.516609144	1
1.837548716	1
2.567890125	1
1.874851649	1
1.401449533	0
4.105242991	2
2.678037334	1
0.889906024	0
3.134559684	2
4.307249834	2
2.675561955	1
2.633106	1
3.767363281	2
2.500408163	1
2.536591816	1
3.156348983	1
3.47858787	2
3.735984006	2
1.374539677	0
6.864022883	2
2.032409242	0
2.957818913	2
4.08912557	1
3.66034461	2
2.376935036	1
3.402419046	1
3.704835782	2
3.615702759	2
2.148980902	0
3.401477933	2
4.90941296	2
4.369471752	1
3.865597178	2
1.498991342	1
3.351560286	2
4.148809059	2
3.327283518	1
2.108299668	1
1.994191153	1
2.465313703	1
3.358627505	2
3.025976727	2
4.446724135	2
2.369529001	1
3.471114344	1
6.987905523	2
1.338154495	1
1.462975837	1
2.538187976	2
2.392975825	1
4.081273459	2
2.860962068	2
2.632205717	1
5.264028243	2
4.927755328	2
1.454622095	1
3.218874867	2
2.663981711	1
3.517271173	2
3.341439086	1
3.220491987	2
2.996906981	2
1.281872974	0
3.059985668	2
5.843699679	2
4.629268863	2
2.365907917	1
3.583721713	1
3.571747052	1
3.88155099	2
3.430791702	2
3.868203039	2
2.926495684	2
3.425994277	2
2.78754283	1
3.297964612	2
3.376982544	1
2.378263861	1
2.004442668	2
5.736141514	2
3.151976219	2
3.895171691	1
4.769619449	2
3.563226256	2
3.87544627	2
2.433390334	1
5.839234972	2
2.477155173	1
5.044749749	2
4.436478087	1
2.947558719	2
2.876429761	1
1.801242587	1
3.431747644	2
3.304581245	1
3.319407206	2
2.133697244	1
4.547297939	1
6.500994359	2
2.559498537	1
2.266544293	1
2.986472375	2
3.824851964	2
3.49107726	1
3.498021838	2
2.966910775	1
1.313751068	0
4.032616779	2
3.484424359	2
4.110825035	2
3.910752849	2
3.358295831	2
3.046207213	1
4.891691698	2
4.881298418	2
3.226590017	2
2.971409236	1
3.793836732	2
2.635062772	1
3.122997425	2
8.152515243	2
2.219508554	2
3.979005225	2
2.943692635	1
2.50233441	1
4.730127478	2
3.64356417	2
3.686932021	2
2.288685949	1
2.858359472	1
6.722289347	2
4.033807746	2
2.97559388	2
4.091146417	2
3.767666299	1
3.651008416	1
3.448973893	2
5.817127631	2
2.254885147	1
2.326655957	1
3.409505143	2
3.6303407	2
2.98688055	2
3.042022428	2
4.848798237	2
4.255176669	2
3.72292556	2
4.296346356	2
2.782483571	1
0.53180572	0
2.789235387	1
3.877750619	2
5.27633959	2
5.907595214	2
5.158172424	2
3.139190379	2
3.19258556	0
2.978876688	1
2.914556959	1
4.220194566	2
3.696488641	1
4.370228732	2
2.64744036	2
4.766061991	2
4.495094854	2
3.442740646	2
2.909428344	0
3.338289928	2
3.099732875	2
3.528956643	2
3.021104506	2
2.305172296	1
2.969761367	2
2.514227043	1
6.102784574	2
1.790862766	0
3.496191182	2
2.191073577	1
2.847351812	1
3.765523823	2
2.127882341	1
2.937600615	1
4.150839266	2
4.4168594	1
1.664959668	1
4.311218775	1
2.325105811	1
3.946914891	1
4.250325488	2
3.023583177	1
3.503199827	2
2.833318179	1
3.241597278	2
6.03103414	2
3.207622564	1
2.761666716	1
2.505687591	1
4.007712572	2
4.260043485	1
3.024787729	0
2.234761643	1
1.441380861	0
2.857390568	1
3.166461844	2
6.112074621	2
2.194536546	1
5.250199943	2
2.892975409	1
4.041344242	2
2.623739554	1
3.721911585	2
3.154305107	2
3.135446646	2
4.494533636	1
0.880815536	0
3.126109272	2
4.624129186	2
2.488530917	1
3.153075582	2
2.544106594	1
1.847310189	0
3.620203681	2
3.017874737	1
4.030919408	2
3.488784828	2
2.301674824	1
3.40253961	1
3.588506564	2
5.771645389	2
3.594208479	1
3.146369553	1
2.379232061	1
3.183599457	1
7.073227751	2
5.431877554	2
3.121938385	1
3.762154692	2
2.726964491	2
3.307388345	2
3.443173794	1
2.791708942	1
3.076186055	2
4.850303153	2
1.45481862	1
2.638077882	1
3.084389147	1
2.424357551	1
2.972329261	1
2.993548326	1
3.015749694	1
2.586637307	1
1.869788864	0
3.123136254	1
3.321856627	1
4.279266613	1
4.213336103	2
2.598529093	1
2.605596953	0
2.918477598	1
3.573839931	1
1.903595806	0
4.568784784	1
2.431848994	1
3.411269395	1
5.324534661	2
3.169848229	2
3.624075636	2